0.0
3.141592653589793
12.566370614359172
28.274333882308138
50.26548245743669
78.53981633974483
113.09733552923255
153.93804002589985
201.06192982974676
254.46900494077323
314.1592653589793
380.1327110843649
452.3893421169302
530.929158456675
615.7521601035994
706.8583470577034
804.247719318987
907.9202768874503
1017.8760197630929
1134.1149479459152
1256.6370614359173
1385.442360233099
1520.5308443374597
1661.9025137490005
1809.5573684677208
1963.4954084936207
2123.7166338267
2290.221044466959
2463.0086404143976
2642.079421669016
2827.4333882308138
3019.0705400997913
3216.990877275948
3421.194399759285
3631.6811075498013
3848.4510006474966
4071.5040790523717
4300.840342764427
4536.459791783661
4778.362426110075
5026.548245743669
5281.017250684442
5541.769440932396
5808.804816487527
6082.123377349839
6361.725123519332
6647.610054996002
6939.778171779853
7238.229473870883
7542.963961269093
7853.981633974483
8171.282491987052
8494.8665353068
8824.73376393373
9160.884177867836
9503.317777109125
9852.03456165759
10207.034531513238
10568.317686676064
10935.88402714607
11309.733552923255
11689.86626400762
12076.282160399165
12468.981242097889
12867.963509103793
13273.228961416875
13684.77759903714
14102.60942196458
14526.724430199205
14957.122623741005
15393.804002589986
15836.768566746148
16286.016316209487
16741.547250980006
17203.36137105771
17671.458676442588
18145.839167134644
18626.502843133883
19113.4497044403
19606.6797510539
20106.192982974677
20611.98940020263
21124.069002737768
21642.431790580085
22167.077763729583
22698.006922186254
23235.21926595011
23778.714795021144
24328.493509399355
24884.555409084755
25446.900494077327
26015.528764377075
26590.440219984008
27171.634860898117
27759.112687119414
28352.873698647883
28952.917895483533
29559.245277626364
30171.85584507637
30790.749597833565
31415.926535897932
32047.38665926948
32685.129967948207
33329.156461934115
33979.4661412272
34636.05900582747
35298.93505573492
35968.09429094954
36643.536711471344
37325.26231730033
38013.2711084365
38707.56308487984
39408.13824663036
40114.99659368807
40828.13812605295
41547.56284372502
42273.27074670426
43005.26183499068
43743.53610858428
44488.093567485055
45238.93421169302
45996.05804120816
46759.46505603048
47529.15525615998
48305.12864159666
49087.385212340516
49875.924968391555
50670.74790974978
51471.85403641517
52279.24334838775
53092.9158456675
53912.87152825444
54739.11039614856
55571.632449349854
56410.43768785832
57255.52611167398
58106.89772079682
58964.55251522683
59828.49049496402
60698.71166000839
61575.216010359945
62458.00354601867
63347.07426698459
64242.42817325768
65144.06526483795
66051.9855417254
66966.18900392002
67886.67565142184
68813.44548423083
69746.49850234699
70685.83470577035
71631.45409450086
72583.35666853857
73541.54242788347
74506.01137253553
75476.76350249478
76453.7988177612
77437.1173183348
78426.7190042156
79422.60387540355
80424.77193189871
81433.22317370103
82447.95760081052
83468.97521322721
84496.27601095107
85529.85999398211
86569.72716232034
87615.87751596575
88668.31105491833
89727.02777917808
90792.02768874502
91863.31078361913
92940.87706380044
94024.72652928892
95114.85918008458
96211.2750161874
97313.97403759742
98422.95624431464
99538.22163633902
100659.77021367056
101787.6019763093
102921.71692425522
104062.1150575083
105208.79637606858
106361.76087993603
107521.00856911067
108686.53944359247
109858.35350338148
111036.45074847765
112220.83117888101
113411.49479459153
114608.44159560924
115811.67158193413
117021.1847535662
118236.98111050545
119459.06065275188
120687.42338030548
121922.06929316626
123162.99839133426
124410.21067480941
125663.70614359173
126923.48479768123
128189.54663707792
129461.89166178179
130740.51987179283
132025.43126711104
133316.62584773646
134614.10361366902
135917.8645649088
137227.90870145577
138544.23602330987
139866.84653047117
141195.74022293967
142530.91710071533
143872.37716379817
145220.12041218817
146574.14684588538
147934.45646488975
149301.04926920132
150673.9252588201
152053.084433746
153438.52679397908
154830.25233951936
156228.26107036683
157632.55298652145
159043.12808798326
160459.98637475228
161883.12784682843
163312.5525042118
164748.26034690233
166190.25137490008
167638.52558820497
169093.08298681703
170553.92357073628
172021.0473399627
173494.45429449633
174974.14443433713
176460.1177594851
177952.37426994022
179450.91396570255
180955.73684677208
182466.84291314878
183984.23216483265
185507.9046018237
187037.86022412192
188574.09903172732
190116.62102463993
191665.42620285967
193220.51456638664
194781.88611522075
196349.54084936206
197923.47876881057
199503.69987356622
201090.20416362907
202682.9916389991
204282.0622996763
205887.41614566068
207499.05317695223
209116.973393551
210741.1767954569
212371.66338267
214008.4331551903
215651.48611301777
217300.8222561524
218956.44158459423
220618.34409834322
222286.52979739942
223960.99868176275
225641.75075143328
227328.786006411
229022.1044466959
230721.70607228798
232427.59088318728
234139.75887939372
235858.21006090732
237582.9444277281
239313.96197985607
241051.26271729125
242794.84664003356
244544.71374808307
246300.86404143978
248063.29752010363
249832.01418407468
251607.01403335296
253388.29706793837
255175.86328783096
256969.7126930307
258769.84528353767
260576.2610593518
262388.9600204731
264207.9421669016
266033.20749863726
267864.7560156801
269702.58771803015
271546.7026056874
273397.10067865177
275253.78193692333
277116.74638050207
278985.99400938797
280861.5248235811
282743.3388230814
284631.4360078888
286525.81637800345
288426.4799334253
290333.4266741543
292246.6566001905
294166.1697115339
296091.9660081844
298024.04549014213
299962.408157407
301907.0540099791
303857.98304785835
305815.1952710448
307778.6906795384
309748.4692733392
311724.5310524472
313706.8760168624
315695.50416658475
317690.4155016142
319691.61002195097
321699.08772759483
323712.84861854586
325732.8926948041
327759.2199563695
329791.8304032421
331830.72403542185
333875.90085290885
335927.360855703
337985.1040438043
340049.1304172128
342119.43997592846
344196.0327199513
346278.90864928137
348368.06776391855
350463.510063863
352565.2355491145
354673.24421967333
356787.5360755392
358908.11111671233
361034.9693431926
363168.11075498007
365307.5353520747
367453.24313447654
369605.2341021856
371763.50825520174
373928.0655935251
376098.9061171557
378276.0298260934
380459.4367203383
382649.1267998904
384845.1000647496
387047.3565149161
389255.8961503897
391470.71897117054
393691.82497725857
395919.21416865365
398152.8865453561
400392.84210736555
402639.08085468225
404891.6027873061
407150.4079052372
409415.4962084754
411686.8676970209
413964.5223708735
416248.4602300332
418538.6812745002
420835.1855042743
423137.97291935567
425447.0435197441
427762.3973054398
430084.03427644266
432411.95443275274
434746.1577743699
437086.64430129435
439433.41401352594
441786.46691106464
444145.8029939106
446511.4222620637
448883.32471552404
451261.5103542915
453645.97917836613
456036.7311877479
458433.76638243697
460837.08476243314
463246.68632773653
465662.5710783471
468084.7390142648
470513.19013548974
472947.9244420218
475388.9419338611
477836.24261100753
480289.8264734612
482749.6935212219
485215.84375428996
487688.27717266505
490166.9937763475
492651.99356533703
495143.2765396337
497640.84269923763
500144.6920441486
502654.8245743669
505171.2402898923
507693.9391907249
510222.92127686465
512758.18654831167
515299.7350050658
517847.56664712715
520401.6814744957
522962.0794871713
525528.7606851542
528101.7250684442
530680.9726370415
533266.5033909458
535858.3173301574
538456.4144546761
541060.7947645021
543671.4582596353
546288.4049400755
548911.6348058231
551541.1478568777
554176.9440932395
556819.0235149085
559467.3861218847
562122.031914168
564782.9608917587
567450.1730546564
570123.6684028613
572803.4469363735
575489.5086551927
578181.8535593192
580880.4816487527
583585.3929234936
586296.5873835415
589014.0650288968
591737.825859559
594467.8698755286
597204.1970768053
599946.8074633892
602695.7010352804
605450.8777924785
608212.337734984
610980.0808627965
613754.1071759163
616534.4166743433
619321.0093580774
622113.8852271187
624913.0442814673
627718.486521123
630530.2119460858
633348.2205563559
636172.512351933
639003.0873328175
641839.9454990091
644683.0868505079
647532.5113873137
650388.219109427
653250.2100168472
656118.4841095747
658993.0413876093
661873.8818509512
664761.0054996003
667654.4123335565
670554.1023528199
673460.0755573903
676372.3319472681
679290.871522453
682215.6942829451
685146.8002287444
688084.1893598508
691027.8616762644
693977.8171779853
696934.0558650134
699896.5777373485
702865.3827949909
705840.4710379404
708821.8424661971
711809.4970797609
714803.4348786321
717803.6558628102
720810.1600322957
723822.9473870883
726842.0179271881
729867.3716525951
732899.0085633092
735936.9286593306
738981.131940659
742031.6184072949
745088.3880592376
748151.4408964877
751220.7769190449
754296.3961269093
757378.298520081
760466.4840985597
763560.9528623456
766661.7048114387
769768.739945839
772882.0582655466
776001.6597705613
779127.544460883
782259.712336512
785398.1633974483
788542.8976436916
791693.9150752423
794851.2156921
798014.7994942649
801184.6664817369
804360.8166545163
807543.2500126027
810731.9665559964
813926.9662846972
817128.2491987052
820335.8152980203
823549.6645826427
826769.7970525724
829996.2127078089
833228.9115483529
836467.893574204
839713.1587853623
842964.7071818276
846222.5387636003
849486.65353068
852757.051483067
856033.7326207611
859316.6969437625
862605.9444520711
865901.4751456868
869203.2890246096
872511.3860888396
875825.7663383769
879146.4297732213
882473.3763933729
885806.6061988316
889146.1191895977
892491.9153656707
895843.994727051
899202.3572737386
902567.0030057331
905937.9319230351
909315.144025644
912698.6393135603
916088.4177867837
919484.4794453143
922886.8242891519
926295.4523182969
929710.3635327491
933131.5579325083
936559.0355175749
939992.7962879484
943432.8402436293
946879.1673846173
950331.7777109124
953790.6712225147
957255.8479194243
960727.3078016409
964205.050869165
967689.0771219961
971179.3865601342
974675.9791835798
978178.8549923323
981688.0139863922
985203.4561657591
988725.1815304334
992253.1900804145
995787.4818157031
999328.0567362987
1002874.9148422017
1006428.0561334118
1009987.480609929
1013553.1882717535
1017125.179118885
1020703.4531513238
1024288.0103690698
1027878.8507721229
1031475.9743604831
1035079.3811341507
1038689.0710931253
1042305.0442374072
1045927.3005669963
1049555.8400818924
1053190.6627820958
1056831.7686676064
1060479.1577384241
1064132.829994549
1067792.7854359811
1071459.0240627204
1075131.545874767
1078810.3508721206
1082495.4390547813
1086186.8104227495
1089884.4649760246
1093588.402714607
1097298.6236384965
1101015.1277476933
1104737.915042197
1108466.9855220083
1112202.3391871264
1115943.9760375519
1119691.8960732846
1123446.0992943244
1127206.5857006714
1130973.3552923256
1134746.408069287
1138525.7440315553
1142311.3631791312
1146103.2655120138
1149901.451030204
1153705.9197337013
1157516.6716225056
1161333.7066966172
1165157.0249560361
1168986.626400762
1172822.511030795
1176664.6788461355
1180513.129846783
1184367.8640327377
1188228.8814039994
1192096.1819605685
1195969.7657024446
1199849.632629628
1203735.7827421187
1207628.2160399165
1211526.9325230215
1215431.9321914334
1219343.215045153
1223260.7810841792
1227184.630308513
1231114.7627181537
1235051.1783131019
1238993.8770933568
1242942.8590589194
1246898.1242097889
1250859.6725459655
1254827.5040674496
1258801.6187742406
1262782.016666339
1266768.6977437444
1270761.6620064569
1274760.9094544768
1278766.4400878039
1282778.253906438
1286796.3509103793
1290820.731099628
1294851.3944741834
1298888.3410340464
1302931.5707792165
1306981.0837096937
1311036.879825478
1315098.9591265698
1319167.3216129683
1323241.9672846745
1327322.8961416874
1331410.108184008
1335503.6034116354
1339603.3818245702
1343709.443422812
1347821.788206361
1351940.4161752171
1356065.3273293807
1360196.5216688511
1364333.9991936288
1368477.7599037138
1372627.803799106
1376784.1308798052
1380946.7411458117
1385115.6345971255
1389290.8112337464
1393472.2710556742
1397660.0140629094
1401854.040255452
1406054.3496333014
1410260.942196458
1414473.8179449218
1418692.9768786933
1422918.4189977713
1427150.1443021568
1431388.1527918496
1435632.4444668493
1439883.0193271562
1444139.8773727703
1448403.0186036918
1452672.4430199203
1456948.150621456
1461230.1414082989
1465518.415380449
1469812.9725379061
1474113.8128806707
1478420.9364087423
1482734.3431221212
1487054.033020807
1491380.0061048002
1495712.2623741005
1500050.801828708
1504395.6244686227
1508746.7302938444
1513104.1193043736
1517467.7915002098
1521837.7468813532
1526213.985447804
1530596.5071995617
1534985.3121366266
1539380.4002589984
1543781.771566678
1548189.4260596645
1552603.363737958
1557023.5846015587
1561450.088650467
1565882.8758846822
1570321.9463042044
1574767.2999090343
1579218.9366991709
1583676.8566746146
1588141.0598353657
1592611.5461814243
1597088.3157127895
1601571.3684294622
1606060.7043314422
1610556.323418729
1615058.2256913232
1619566.4111492245
1624080.8797924332
1628601.631620949
1633128.6666347715
1637661.9848339015
1642201.5862183392
1646747.4707880835
1651299.638543135
1655858.089483494
1660422.8236091598
1664993.8409201328
1669571.1414164132
1674154.7250980008
1678744.5919648954
1683340.7420170973
1687943.1752546062
1692551.8916774227
1697166.891285546
1701788.1740789765
1706415.7400577145
1711049.5892217592
1715689.7215711114
1720336.1371057706
1724988.8358257373
1729647.817731011
1734313.0828215918
1738984.6310974795
1743662.462558675
1748346.5772051774
1753036.9750369869
1757733.6560541037
1762436.6202565276
1767145.8676442585
1771861.3982172967
1776583.2119756425
1781311.308919295
1786045.6890482549
1790786.3523625217
1795533.2988620962
1800286.5285469773
1805046.041417166
1809811.8374726619
1814583.9167134645
1819362.2791395746
1824146.9247509916
1828937.8535477163
1833735.0655297479
1838538.5606970866
1843348.3390497325
1848164.4005876859
1852986.7453109461
1857815.3732195136
1862650.2843133884
1867491.4785925702
1872338.956057059
1877192.7167068555
1882052.760541959
1886919.0875623694
1891791.6977680873
1896670.591159112
1901555.7677354445
1906447.2274970836
1911344.9704440301
1916248.996576284
1921159.3058938447
1926075.8983967127
1930998.7740848877
1935927.9329583703
1940863.3750171599
1945805.1002612566
1950753.1086906602
1955707.4003053717
1960667.97510539
1965634.8330907153
1970607.9742613481
1975587.3986172879
1980573.1061585348
1985565.0968850888
1990563.3707969505
1995567.927894119
2000578.7681765945
2005595.8916443773
2010619.2982974676
2015648.988135865
2020684.9611595692
2025727.217368581
2030775.7567628997
2035830.5793425257
2040891.6851074586
2045959.0740576994
2051032.7461932467
2056112.7015141014
2061198.9400202632
2066291.4617117324
2071390.2665885086
2076495.354650592
2081606.7258979827
2086724.3803306804
2091848.3179486853
2096978.5387519973
2102115.042740617
2107257.8299145433
2112406.9002737766
2117562.253818318
2122723.890548166
2127891.810463321
2133066.0135637834
2138246.499849553
2143433.2693206295
2148626.3219770137
2153825.6578187044
2159031.276845703
2164243.1790580084
2169461.364455621
2174685.833038541
2179916.584806768
2185153.619760302
2190396.9378991434
2195646.5392232924
2200902.423732748
2206164.5914275106
2211433.042307581
2216707.776372958
2221988.7936236425
2227276.094059634
2232569.677680933
2237869.5444875387
2243175.694479452
2248488.127656672
2253806.8440192
2259131.8435670347
2264463.1263001766
2269800.6922186255
2275144.5413223817
2280494.6736114454
2285851.0890858155
2291213.787745494
2296582.7695904784
2301958.0346207707
2307339.58283637
2312727.4142372767
2318121.5288234903
2323521.926595011
2328928.6075518387
2334341.5716939745
2339760.819021417
2345186.349534166
2350618.163232223
2356056.260115587
2361500.640184258
2366951.303438236
2372408.249877522
2377871.4795021145
2383340.992312014
2388816.788307221
2394298.8674877356
2399787.229853557
2405281.8754046853
2410782.8041411215
2416290.016062864
2421803.511169914
2427323.289462271
2432849.350939936
2438381.6956029073
2443920.323451186
2449465.234484772
2455016.4287036653
2460573.9061078657
2466137.666697373
2471707.710472188
2477284.0374323097
2482866.647577739
2488455.540908475
2494050.717424519
2499652.1771258693
2505259.9200125267
2510873.946084492
2516494.255341764
2522120.847784343
2527753.7234122297
2533392.8822254236
2539038.3242239244
2544690.049407732
2550348.0577768474
2556012.34933127
2561682.9240709995
2567359.7819960364
2573042.9231063803
2578732.3474020315
2584428.0548829897
2590130.045549255
2595838.319400828
2601552.876437708
2607273.7166598947
2613000.840067389
2618734.2466601906
2624473.936438299
2630219.9094017143
2635972.1655504373
2641730.7048844676
2647495.527403805
2653266.633108449
2659044.0219984013
2664827.69407366
2670617.649334226
2676413.8877800987
2682216.4094112795
2688025.2142277667
2693840.3022295614
2699661.673416663
2705489.3277890724
2711323.265346789
2717163.486089812
2723009.990018143
2728862.7771317805
2734721.8474307256
2740587.2009149776
2746458.837584537
2752336.7574394033
2758220.960479577
2764111.4467050578
2770008.2161158463
2775911.2687119413
2781820.6044933433
2787736.2234600536
2793658.12561207
2799586.310949394
2805520.7794720246
2811461.5311799636
2817408.5660732086
2823361.8841517614
2829321.485415621
2835287.3698647884
2841259.5374992625
2847237.9883190435
2853222.7223241325
2859213.7395145283
2865211.039890231
2871214.623451241
2877224.4901975584
2883240.640129183
2889263.0732461144
2895291.7895483533
2901326.7890358996
2907368.0717087523
2913415.637566913
2919469.4866103805
2925529.618839155
2931596.034253237
2937668.7328526257
2943747.7146373224
2949832.979607326
2955924.527762636
2962022.3591032545
2968126.4736291794
2974236.8713404112
2980353.5522369505
2986476.516318797
2992605.7635859507
2998741.2940384117
3004883.1076761796
3011031.204499255
3017185.584507637
3023346.247701327
3029513.194080324
3035686.423644628
3041865.936394239
3048051.7323291567
3054243.8114493825
3060442.173754915
3066646.8192457547
3072857.7479219018
3079074.959783356
3085298.4548301175
3091528.2330621863
3097764.294479562
3104006.639082245
3110255.266870235
3116510.177843532
3122771.372002137
3129038.849346048
3135312.609875267
